334.6261831909511
NaN
422.7305501618123
319.7248677248677
232.6543522785459
1319.6190476190477
223.96291887125224
270.4852411807056
306.49768518518516
214.54940476190473
250.3262411347518
179.33470507544578
292.32894736842104
304.48053398058255
272.383588761175
298.0710185444041
280.2442307692308
1428.2280701754382
428.6653846153846
NaN
894.9380341880342
982.0
1033.2777777777778
3562.6684210526314
863.2345679012346
399.89572192513367
436.7437694704049
753.9529147982063
503.67375886524826
218.82702702702704
NaN
1217.3402877178362
NaN
258.853533859303
198.86904761904762
239.02974910394266
384.5612296747967

