345.6245490123398
NaN
425.87118713450326
316.5450450450451
232.29096285190747
1317.746143958869
227.36405178326473
277.9542354235424
292.23862581244197
240.96332282913167
255.375
174.88238668961563
314.2871600253004
341.97230487098994
272.58379758588666
307.0734765392101
307.76642453591603
1495.5608974358972
461.47719298245613
NaN
877.5104353011329
310.0
1061.0294117647059
3707.085
780.7022357723577
428.1073008849558
397.4935636856369
779.0466288594832
394.560606060606
161.2279874213837
NaN
1182.6552457050616
NaN
263.56126338833405
194.77330141358865
235.77772283272284
362.87274345837403

