339.2980161023488
NaN
434.53034965034965
310.58049242424244
232.86456150492575
1316.317753177532
232.83279243756957
274.99609929078014
294.7376984126984
234.28588709677416
281.68224299065423
188.51930721181145
298.7529209621993
317.45671972440977
262.3582477286216
333.7076779787307
267.8716232961586
1524.5333333333333
480.19424019607845
NaN
850.2363692688972
245.25
1059.5588235294117
3732.7888349514565
777.1634477825465
417.92794932699917
389.4748020158387
795.5097087378641
401.00411522633743
163.68623188405797
NaN
1074.8130839891023
NaN
252.93898876807697
196.80128205128202
234.5645406579764
347.10726690463537

