335.7910536373837
NaN
444.02401823281923
319.8969696969697
233.00484839930812
1334.6885404568334
225.26143772893766
294.4732765957447
363.11499719416383
233.6020606060606
259.765
177.9752456538171
316.41869158878507
394.2066017316013
281.69357293550337
306.9992496951799
270.2274766899767
1623.2448816872425
498.77450980392166
NaN
1140.6179108796298
NaN
1025.6666666666667
3667.06507936508
826.5521517140772
411.6367155664222
491.84133915574967
788.1069306930693
410.2458745874587
164.46382978723406
NaN
1097.5677282393383
NaN
257.1268200463705
193.60072751322755
233.34711005542363
361.8692586832554

