340.8332580767375
NaN
435.94499883468643
315.52527075812276
228.22289557061293
1320.5594094628248
221.8232463137539
274.21437825332555
293.3038011695906
266.81054512958
260.4875
175.09397768670308
289.92921960072596
480.85355031966753
296.41164177167013
338.62246117497676
330.1154676258993
1635.0532724505329
453.2947247706422
NaN
1042.7603835076548
720.8571428571429
1075.891304347826
3275.332089552239
758.0349866666667
408.27057430432205
426.67979635584135
731.405753968254
361.02702702702703
196.91017786561264
NaN
1153.5934244088926
NaN
264.58834864453644
195.1167525773196
228.001959428308
341.1177189493745

