345.9068790899077
NaN
443.9447224490027
337.5900900900901
235.94563443492467
1340.3994586233566
232.93618899273093
278.0887424492038
306.3050706566916
226.46728459228456
254.52133333333333
181.71135430916553
308.3623032904149
370.0230489670614
288.3043037292364
329.2029729653935
435.1420335429769
1581.7355140186917
496.96322941646685
NaN
1047.299324324324
416.0
1118.9
3691.7910879629635
852.391065830721
450.33724176437744
443.88170347003154
846.7444444444444
450.46610169491527
389.99270833333327
NaN
1239.0137574936643
NaN
254.26621315192727
194.89446043165466
225.79137059622838
382.81822207156637

