341.99623925672773
NaN
443.9329395668568
320.1722846441948
236.73479402593148
1346.7605433901053
231.78560662310664
301.83404344193815
284.15114165770746
223.10782163742692
265.2315789473684
176.343853820598
300.5210055096419
320.1351990549916
287.3338826739817
362.4236687695021
322.4872557997558
1590.1990429505138
497.0063025210084
NaN
1001.7979626485569
256.0
1051.1612903225807
3624.2438794726936
835.5513888888888
445.8249235474006
469.16457898399443
803.4101157830592
404.36470588235295
165.82397660818714
NaN
1262.4184222112897
NaN
275.46805404095454
199.6072532969532
228.5575917514341
378.1117641996557

