347.0496302448503
NaN
442.6797450424932
357.32824427480915
232.669667695101
1349.53807106599
236.39512338425376
277.75267198110424
276.1935323383085
236.1248906386702
271.65740740740745
183.07516869095815
305.25280898876406
294.9855907645858
295.58114754098364
328.57915846541647
308.059083358502
1529.4882195448465
459.06609195402297
487.8333333333333
890.8816810344827
NaN
1079.0
3856.358064516129
794.3495539334955
422.63324048282266
433.0944309927361
760.0692192192192
391.7704918032787
177.7563063063063
2371.0
1196.7624125012178
802.6
256.1859692538433
200.25320304017373
256.792075796727
379.53858694204746

