336.50294982639053
NaN
446.31751867413647
345.0982142857143
243.3911706349207
1331.7313965341489
256.6163970588235
286.5820907886017
299.2300170068027
229.9113247863248
285.91666666666663
186.96458333333334
315.7738095238095
324.9723192116697
304.2945201037615
351.42147389846747
346.1372184684684
1554.5220747295964
447.42561205273074
NaN
908.0474040632054
591.0
1064.48
3817.525
738.9904214559388
441.2884399551066
437.58527696793004
756.186887254902
455.34166666666664
167.75059523809523
NaN
1168.4570862661608
NaN
267.1247938994228
195.83494513031545
246.37438350340128
368.57762682301507

