stats.timers.services.pub-a NaN NaN 334.6261831909511 345.6245490123398 348.8084181999514 339.2980161023488 335.7910536373837 340.8332580767375 345.9068790899077 341.99623925672773 347.0496302448503 456.48279731215564 340.80165196803716 336.50294982639053 350.926966128305 359.6337637485118 344.9604069550179
stats.timers.services.pub-a NaN NaN NaN NaN NaN NaN NaN NaN NaN NaN NaN 725.5 NaN NaN NaN NaN NaN
stats.timers.services.pub-a NaN NaN 422.7305501618123 425.87118713450326 444.81092761770896 434.53034965034965 444.02401823281923 435.94499883468643 443.9447224490027 443.9329395668568 442.6797450424932 552.066727867203 446.7382674465056 446.31751867413647 451.32675315568025 449.172578516759 448.7886746143061
stats.timers.services.pub-a NaN NaN 319.7248677248677 316.5450450450451 334.2671232876712 310.58049242424244 319.8969696969697 315.52527075812276 337.5900900900901 320.1722846441948 357.32824427480915 326.43283582089555 327.91322314049586 345.0982142857143 351.66269841269843 333.1923076923077 346.26410256410253
stats.timers.services.pub-a NaN NaN 232.6543522785459 232.29096285190747 327.57473290598296 232.86456150492575 233.00484839930812 228.22289557061293 235.94563443492467 236.73479402593148 232.669667695101 232.78336240160013 234.37116793099773 243.3911706349207 236.24894894894894 245.99943868739192 240.08382352941177
stats.timers.services.pub-a NaN NaN 1319.6190476190477 1317.746143958869 1321.1361074989163 1316.317753177532 1334.6885404568334 1320.5594094628248 1340.3994586233566 1346.7605433901053 1349.53807106599 1318.7649950835792 1332.2785752259435 1331.7313965341489 1349.406436781609 1330.2294893861158 1325.800938967136
stats.timers.services.pub-a NaN NaN 223.96291887125224 227.36405178326473 231.9830210563883 232.83279243756957 225.26143772893766 221.8232463137539 232.93618899273093 231.78560662310664 236.39512338425376 238.96677005789905 273.39229852169774 256.6163970588235 236.7385693819075 232.1258421317245 236.1293781725888
stats.timers.services.pub-a NaN NaN 270.4852411807056 277.9542354235424 276.0932829554996 274.99609929078014 294.4732765957447 274.21437825332555 278.0887424492038 301.83404344193815 277.75267198110424 345.4384366327475 281.75752427184466 286.5820907886017 307.659873015873 331.84083694083694 393.4080145719489
stats.timers.services.pub-a NaN NaN 306.49768518518516 292.23862581244197 348.63663793103456 294.7376984126984 363.11499719416383 293.3038011695906 306.3050706566916 284.15114165770746 276.1935323383085 290.52696871628916 333.99764868603035 299.2300170068027 357.68935837245704 318.8250377073906 350.6989247311828
stats.timers.services.pub-a NaN NaN 214.54940476190473 240.96332282913167 225.22190963341862 234.28588709677416 233.6020606060606 266.81054512958 226.46728459228456 223.10782163742692 236.1248906386702 229.80899908172637 231.32658450704224 229.9113247863248 222.04771505376345 231.06812912430888 227.83508508508513
stats.timers.services.pub-a NaN NaN 250.3262411347518 255.375 241.80927835051546 281.68224299065423 259.765 260.4875 254.52133333333333 265.2315789473684 271.65740740740745 252.99789029535867 266.70535714285717 285.91666666666663 285.8235294117647 255.88235294117646 289.55128205128204
stats.timers.services.pub-a NaN NaN 179.33470507544578 174.88238668961563 179.8507067137809 188.51930721181145 177.9752456538171 175.09397768670308 181.71135430916553 176.343853820598 183.07516869095815 182.97602866389275 184.37797487065782 186.96458333333334 189.07278208441 181.89579020013804 181.42883895131084
stats.timers.services.pub-a NaN NaN 292.32894736842104 314.2871600253004 312.95208333333335 298.7529209621993 316.41869158878507 289.92921960072596 308.3623032904149 300.5210055096419 305.25280898876406 308.51162790697674 317.9390756302521 315.7738095238095 335.57308970099666 317.26254826254825 304.5668633235005
stats.timers.services.pub-a NaN NaN 304.48053398058255 341.97230487098994 331.73281728032254 317.45671972440977 394.2066017316013 480.85355031966753 370.0230489670614 320.1351990549916 294.9855907645858 405.0080425355107 340.8654497164719 324.9723192116697 821.5709656545544 323.8665428346279 341.6577606957062
stats.timers.services.pub-a NaN NaN 272.383588761175 272.58379758588666 269.77527115778776 262.3582477286216 281.69357293550337 296.41164177167013 288.3043037292364 287.3338826739817 295.58114754098364 415.4434381369666 294.99704743008306 304.2945201037615 316.4038579171507 294.05540083005684 289.2252475247525
stats.timers.services.pub-a NaN NaN 298.0710185444041 307.0734765392101 322.15163816943215 333.7076779787307 306.9992496951799 338.62246117497676 329.2029729653935 362.4236687695021 328.57915846541647 458.59108591858063 338.4385823694904 351.42147389846747 351.46642012833524 341.63821839080464 315.4336129083792
stats.timers.services.pub-a NaN NaN 280.2442307692308 307.76642453591603 355.900414078675 267.8716232961586 270.2274766899767 330.1154676258993 435.1420335429769 322.4872557997558 308.059083358502 321.8792682926829 319.6045022371365 346.1372184684684 352.99476022803486 282.34236947791163 281.5826981707317
stats.timers.services.pub-a NaN NaN 1428.2280701754382 1495.5608974358972 1554.149621212121 1524.5333333333333 1623.2448816872425 1635.0532724505329 1581.7355140186917 1590.1990429505138 1529.4882195448465 1511.6561941251593 1491.9429435483876 1554.5220747295964 1542.322735760971 1522.5239779874214 1638.5042347566332
stats.timers.services.pub-a NaN NaN 428.6653846153846 461.47719298245613 427.72908366533864 480.19424019607845 498.77450980392166 453.2947247706422 496.96322941646685 497.0063025210084 459.06609195402297 444.94559548978157 446.36285714285714 447.42561205273074 573.6103896103896 491.4 456.66897081413214
stats.timers.services.pub-a NaN NaN NaN NaN NaN NaN NaN NaN NaN NaN 487.8333333333333 611.0 306.83 NaN NaN 493.89884842826024 424.46446700507613
stats.timers.services.pub-a NaN NaN 894.9380341880342 877.5104353011329 870.3674661746618 850.2363692688972 1140.6179108796298 1042.7603835076548 1047.299324324324 1001.7979626485569 890.8816810344827 902.0287887213709 866.3196377336229 908.0474040632054 2998.0924444444445 1188.4942196531792 1631.3676470588234
stats.timers.services.pub-a NaN NaN 982.0 310.0 727.0 245.25 NaN 720.8571428571429 416.0 256.0 NaN 2778.0 329.0 591.0 831.0 NaN 394.75
stats.timers.services.pub-a NaN NaN 1033.2777777777778 1061.0294117647059 1020.4324324324324 1059.5588235294117 1025.6666666666667 1075.891304347826 1118.9 1051.1612903225807 1079.0 1218.21875 1039.15625 1064.48 1036.7777777777778 1016.2941176470588 1042.8666666666666
stats.timers.services.pub-a NaN NaN 3562.6684210526314 3707.085 3516.0384615384614 3732.7888349514565 3667.06507936508 3275.332089552239 3691.7910879629635 3624.2438794726936 3856.358064516129 3818.75 3874.988970588235 3817.525 4057.8467741935483 3561.939655172414 3617.1516064257025
stats.timers.services.pub-a NaN NaN 863.2345679012346 780.7022357723577 770.5210602759623 777.1634477825465 826.5521517140772 758.0349866666667 852.391065830721 835.5513888888888 794.3495539334955 796.0946128733364 695.1427889207258 738.9904214559388 2215.393772893773 836.8205012077295 868.7711786372008
stats.timers.services.pub-a NaN NaN 399.89572192513367 428.1073008849558 432.98768472906403 417.92794932699917 411.6367155664222 408.27057430432205 450.33724176437744 445.8249235474006 422.63324048282266 429.5420569614794 489.0298013245033 441.2884399551066 464.4202279202279 468.4163237311385 422.7299898682878
stats.timers.services.pub-a NaN NaN 436.7437694704049 397.4935636856369 414.4290935672514 389.4748020158387 491.84133915574967 426.67979635584135 443.88170347003154 469.16457898399443 433.0944309927361 389.96972604644697 448.62034383954153 437.58527696793004 912.64 489.797901459854 438.8991712707182
stats.timers.services.pub-a NaN NaN 753.9529147982063 779.0466288594832 773.4867827208253 795.5097087378641 788.1069306930693 731.405753968254 846.7444444444444 803.4101157830592 760.0692192192192 759.9482529699512 698.2159277504105 756.186887254902 2707.078231292517 967.8921614100184 765.4317217981339
stats.timers.services.pub-a NaN NaN 503.67375886524826 394.560606060606 377.36046511627904 401.00411522633743 410.2458745874587 361.02702702702703 450.46610169491527 404.36470588235295 391.7704918032787 474.04605263157896 459.40277777777777 455.34166666666664 405.3333333333333 465.6875 385.4468085106383
stats.timers.services.pub-a NaN NaN 218.82702702702704 161.2279874213837 164.09090909090904 163.68623188405797 164.46382978723406 196.91017786561264 389.99270833333327 165.82397660818714 177.7563063063063 167.6664814814815 162.79932432432435 167.75059523809523 168.63085585585583 171.69679487179488 169.25296296296295
stats.timers.services.pub-a NaN NaN NaN NaN NaN NaN NaN NaN NaN NaN 2371.0 2304.5 2460.0 NaN NaN NaN 1837.0
stats.timers.services.pub-a NaN NaN 1217.3402877178362 1182.6552457050616 1214.4365230164021 1074.8130839891023 1097.5677282393383 1153.5934244088926 1239.0137574936643 1262.4184222112897 1196.7624125012178 1168.4521947966682 1139.1880197652465 1168.4570862661608 987.5892772257686 1226.1556725009166 1132.2011473610273
stats.timers.services.pub-a NaN NaN NaN NaN NaN NaN NaN NaN NaN NaN 802.6 285.0 196.0 NaN NaN 544.0 355.64285714285717
stats.timers.services.pub-a NaN NaN 258.853533859303 263.56126338833405 261.7031075252639 252.93898876807697 257.1268200463705 264.58834864453644 254.26621315192727 275.46805404095454 256.1859692538433 266.83268319382705 266.2397612187645 267.1247938994228 286.7695733814031 269.5531319838405 259.7509533257746
stats.timers.services.pub-a NaN NaN 198.86904761904762 194.77330141358865 191.1293930494371 196.80128205128202 193.60072751322755 195.1167525773196 194.89446043165466 199.6072532969532 200.25320304017373 196.21824794433908 195.6979400749064 195.83494513031545 205.32794329853152 209.68754578754576 200.24156231365535
stats.timers.services.pub-a NaN NaN 239.02974910394266 235.77772283272284 242.1770586527294 234.5645406579764 233.34711005542363 228.001959428308 225.79137059622838 228.5575917514341 256.792075796727 260.10651502676 247.8703893178893 246.37438350340128 240.50286391956956 256.922837885154 295.7629012345679
stats.timers.services.pub-a NaN NaN 384.5612296747967 362.87274345837403 363.8603227868331 347.10726690463537 361.8692586832554 341.1177189493745 382.81822207156637 378.1117641996557 379.53858694204746 402.59969370375137 374.4288215315968 368.57762682301507 406.287216694306 382.872929355851 396.94200736867145
                 
