348.8084181999514
NaN
444.81092761770896
334.2671232876712
327.57473290598296
1321.1361074989163
231.9830210563883
276.0932829554996
348.63663793103456
225.22190963341862
241.80927835051546
179.8507067137809
312.95208333333335
331.73281728032254
269.77527115778776
322.15163816943215
355.900414078675
1554.149621212121
427.72908366533864
NaN
870.3674661746618
727.0
1020.4324324324324
3516.0384615384614
770.5210602759623
432.98768472906403
414.4290935672514
773.4867827208253
377.36046511627904
164.09090909090904
NaN
1214.4365230164021
NaN
261.7031075252639
191.1293930494371
242.1770586527294
363.8603227868331

