456.48279731215564
725.5
552.066727867203
326.43283582089555
232.78336240160013
1318.7649950835792
238.96677005789905
345.4384366327475
290.52696871628916
229.80899908172637
252.99789029535867
182.97602866389275
308.51162790697674
405.0080425355107
415.4434381369666
458.59108591858063
321.8792682926829
1511.6561941251593
444.94559548978157
611.0
902.0287887213709
2778.0
1218.21875
3818.75
796.0946128733364
429.5420569614794
389.96972604644697
759.9482529699512
474.04605263157896
167.6664814814815
2304.5
1168.4521947966682
285.0
266.83268319382705
196.21824794433908
260.10651502676
402.59969370375137

