340.80165196803716
NaN
446.7382674465056
327.91322314049586
234.37116793099773
1332.2785752259435
273.39229852169774
281.75752427184466
333.99764868603035
231.32658450704224
266.70535714285717
184.37797487065782
317.9390756302521
340.8654497164719
294.99704743008306
338.4385823694904
319.6045022371365
1491.9429435483876
446.36285714285714
306.83
866.3196377336229
329.0
1039.15625
3874.988970588235
695.1427889207258
489.0298013245033
448.62034383954153
698.2159277504105
459.40277777777777
162.79932432432435
2460.0
1139.1880197652465
196.0
266.2397612187645
195.6979400749064
247.8703893178893
374.4288215315968

