350.926966128305
NaN
451.32675315568025
351.66269841269843
236.24894894894894
1349.406436781609
236.7385693819075
307.659873015873
357.68935837245704
222.04771505376345
285.8235294117647
189.07278208441
335.57308970099666
821.5709656545544
316.4038579171507
351.46642012833524
352.99476022803486
1542.322735760971
573.6103896103896
NaN
2998.0924444444445
831.0
1036.7777777777778
4057.8467741935483
2215.393772893773
464.4202279202279
912.64
2707.078231292517
405.3333333333333
168.63085585585583
NaN
987.5892772257686
NaN
286.7695733814031
205.32794329853152
240.50286391956956
406.287216694306

