359.6337637485118
NaN
449.172578516759
333.1923076923077
245.99943868739192
1330.2294893861158
232.1258421317245
331.84083694083694
318.8250377073906
231.06812912430888
255.88235294117646
181.89579020013804
317.26254826254825
323.8665428346279
294.05540083005684
341.63821839080464
282.34236947791163
1522.5239779874214
491.4
493.89884842826024
1188.4942196531792
NaN
1016.2941176470588
3561.939655172414
836.8205012077295
468.4163237311385
489.797901459854
967.8921614100184
465.6875
171.69679487179488
NaN
1226.1556725009166
544.0
269.5531319838405
209.68754578754576
256.922837885154
382.872929355851

