344.9604069550179
NaN
448.7886746143061
346.26410256410253
240.08382352941177
1325.800938967136
236.1293781725888
393.4080145719489
350.6989247311828
227.83508508508513
289.55128205128204
181.42883895131084
304.5668633235005
341.6577606957062
289.2252475247525
315.4336129083792
281.5826981707317
1638.5042347566332
456.66897081413214
424.46446700507613
1631.3676470588234
394.75
1042.8666666666666
3617.1516064257025
868.7711786372008
422.7299898682878
438.8991712707182
765.4317217981339
385.4468085106383
169.25296296296295
1837.0
1132.2011473610273
355.64285714285717
259.7509533257746
200.24156231365535
295.7629012345679
396.94200736867145

